0008824719686649361
0008875086737976021
0008854224818264364
0008811791448665089
0008805310096721116
0008849661403614917
0008823693343791299
0008836724406044956
0008867894959220519
0008829445469173669
0008843131864788549
0008889900162058978
0008824135224632886
0008829771450996481
0008816066997960388
0008859858391887219
0008883958374252769
0008843065067107786
0008803639301296650
0008874952728170034
0008834153659637617
0008820437459731548
0008843709158894204
0008819477129656967
0008831142877397867
0008853744865373587
0008862041347673620
0008888380049754183
0008870473571175115
0008863272036309007
0008873012185347111
0008860643051893203
0008874930859483426
0008856252023363877
0008882988530878588
0008851534460748677
0008805969648315972
0008805072350634522
0008808894963987451
0008847627244962759
0008864868971311640
0008868197323231652
0008817144870288018
0008865753464228924
0008883884923440871
0008877504386041754
0008812343804437841
0008803446883061712
0008863207048712103
0008870294171628091
0008846529756381827
0008834310788597324
0008885394259981884
0008871772310992170
0008863415276762415
0008880234562423866
0008812637020771028
0008895378916459036
0008862600839081731
0008850732866942479
0008835200803542349
0008856827498147770
0008872374184246525
0008822181049647933
0008858357308769157
0008850310997346876
0008848924754079051
0008872946163452198
0008812883769326885
0008845194581570713
0008881191564414195
0008837701455475934
0008868682405651042
0008896694203533898
0008802432254200718
0008837195862893807
0008883246312540606
0008844750958089313
0008834442577801904
0008887614806638622
0008815808007591435
0008850175429905163
0008878719483606510
0008871556976182139
0008860062301765220
0008807396227703329
0008849463692618729
0008898007815287860
0008887484434388895
0008845994184401699
0008802589597674485
0008852047009049464
0008807988887200669
0008856150967069684
0008868518045647513
0008868368829208334
0008878069420310275
0008813332658398794
0008827108533965922
0008855311176852234
0008845454175302620
0008878850789503547
0008848849191585925
0008897628773581803
0008861510571582955
0008880342834508503
0008857806112038507
0008803621907133073
0008818944786220461
0008892419614761209
0008835481309997423
0008811983326894283
0008806655061024188
0008829667002205985
0008856736056378497
0008862984354477924
0008861628331664044
0008895411953101870
0008813707912910502
0008864469121700814
0008823496765014327
0008809669443729965
0008804014994279059
0008811551049944824
0008830874697803044
0008811521571280327
0008825825769025152
0008833191736827786
0008839134487173160
0008847555818738455
0008807138398097523
0008870208180673591
0008864782946065910
0008887229710467511
0008882617820557152
0008835057165278114
0008820602919538755
0008864877136253803
0008873987657559527
0008802278032151040
0008805676505601655
0008854491125141581
0008806119375570790
0008877243816231582
0008831133409067029
0008831965273012221
0008842234253852545
0008807296097397410
0008813207161533881
0008865538184158166
0008873635588307702
0008889168219871369
0008828409325750616
0008880303461372423
0008841737003169359
0008820444635377469
0008873546095650767
0008826731378023464
0008828781615624754
0008823635405287591
0008842844266395736
0008833926224797383
0008836099195113373
0008800276290683359
0008830245918719857
0008815368315377647
0008821777979369686
0008804245296956370
0008838304399510269
0008877112511514834
0008871295315786926
0008861508496038707
0008860341866166986
0008884600616805272
0008815022714147933
0008849454707926454
0008814025036104863
0008821662425331508
0008855310047157294
0008894040541266878
0008857529815624536
0008872885264482565
0008865117785252130
0008850359466819400
0008827262778454959
0008806293925618639
0008854384498304821
0008893208992345415
0008876607446812238
0008865268606290377
0008839322294292840
0008829058003820297
0008870136688467895
0008857548268371148
0008885679740127950
0008864641155114274
0008894940518054076
0008854110929413471
0008896223587610484
0008823164698833888
0008832001771195422
0008846927355449518
0008877582103399093
0008870898838346853
0008871063227992663
0008809065136604369
0008803848438029443
0008834263482878849
0008882028779719860
0008861873943539263
0008836111576942674
0008854744304161782
0008874017774177471
0008831284922706831
0008896098266456957
0008863575037314523
0008854031344933689
0008873873705857107
0008833537540502066
0008825106223131542
0008820017050081590
0008898319110391853
0008832001498029185
0008842454813716903
0008861306960671370
0008848729270640298
0008881032797405420
0008837839498008849
0008828250779573983
0008885902458224920
0008819781524653945
0008872535675187887
0008830596375012297
0008853103899792744
0008842404037103511
0008813449471707868
0008801808755721610
0008897423929917600
0008839369545098971
0008818084187505960
0008816152845012596
0008826110685824270
0008840714345261559
0008829650294745785
0008854336858858762
0008876256829624354
0008892027265699188
0008861749637429161
0008879648054140972
0008855945617344796
0008852339346882362
0008833428212057656
0008860204178456927
0008886576003355600
0008875855697935395
0008879450382465019
0008811983494480535
0008810007662569555
0008816332358484727
0008834709107961212
0008862577875978618
0008816224468506608
0008897011939167462
0008884642750967203
0008899760718841717
0008895227463201319
0008853385137060519
0008824887047131500
0008826956924681008
0008886317369968847
0008876025349203548
0008878932171724350
0008866598374363322
0008818592026872565
0008823743730427831
0008844349162221562
0008870255002956753
0008845004115248431
0008892008471673332
0008868244968350890
0008853160509806173
0008859670100956627
0008888176515662482
0008810299862851319
0008899506977078495
0008852325137813799
0008872469257672217
0008874894288277652
0008820199903326016
0008860207235945329
0008848941449911001
0008849213207896587
0008800173106245491
0008880093362801089
0008862976653126566
0008886001244822615
0008835012335849294
0008838794161679708
0008803658442490212
0008811370974693425
0008874455496510373
0008856740884645309
0008843957445566586
0008861848857958147
0008856930954481699
0008836478313607336
0008837120566256846
0008832089427734744
0008835817502459283
0008875591330668792
0008893763607647894
0008868148139809579
0008800240097836339
0008862515127031141
0008807219446382826
0008815813515369969
0008809853206362962
0008897546754031665
0008841065095730817
0008892671095033918
0008860376461177905
0008814940605952916
0008849099621821180
0008852905048050647
0008873479463893878
0008822437862127936
0008834418578496944
0008885993175979797
0008827291820110178
0008814868235436317
0008870075113084455
0008895229853420764
0008869542006180149
0008887278618487956
0008804477133662164
0008819898647961060
0008800143490066761
0008821946094503301
0008854198906596582
0008866704254908422
0008881728348804645
0008822293667640171
0008833339637887355
0008870365069788864
0008892153805121796
0008867649834666447
0008876281075744409
0008841535146634531
0008886137448646374
0008805924941934458
0008890660117563871
0008854923930932556
0008894332343577473
0008804529347379231
0008812825402627682
0008819918341557616
0008878112002622350
0008899793188657768
0008856691641558154
0008861493310701147
0008849584548643833
0008871235633638441
0008806090552005050
0008847256536361627
0008846733333805767
0008828590368485044
0008814511546678686
0008816600620327373
0008827925611283864
0008865781998845384
0008821927405652383
0008880093723018977
0008870709605979661
0008843929859073433
0008805069610603958
0008897488653676896
0008893302623670109
0008860500733721766
0008856505188910570
0008818799076061797
0008890740489982501
0008889041138945285
0008898472983034975
0008893798398857070
0008804157214914391
0008861796024613824
0008872528777931039
0008887136699213651
0008872264922041371
0008877446818219907
0008862263651749768
0008800237512072425
0008880798067359452
0008804750860142786
0008887444460306096
0008859638213519772
0008819494571321669
0008815113441521027
0008879827025109973
0008831880102891192
0008810898371175209
0008813888601374497
0008877941960347654
0008813455736130929
0008886588843607702
0008817717570470273
0008868944807413086
0008840932269767993
0008847230382209438
0008868907494524077
0008893221937325582
0008852125050330270
0008831185240886934
0008872971063653380
0008832150102968666
0008836197101492970
0008847633240643864
0008854723334188916
0008866687136761699
0008848042671334606
0008882601787002881
0008844129940282205
0008808905971659591
0008861020016368929
0008877806159332249
0008874152062877258
0008852067360981774
0008822416925798990
0008882346369851103
0008809957262706622
0008838983614970653
0008890232939925991
0008871502606058034
0008899344178124748
0008867324733459613
0008858944440798424
0008896020266639291
0008835448907599901
0008818789096241404
0008875068968537417
0008895615291066260
0008840047588284206
0008823572708618323
0008845293943019672
0008861042640118090
0008804930450114037
0008896771262989318
0008840149312512348
0008867498552555741
0008893685284519247
0008899048298302007
0008870604944074110
0008873933217793321
0008836710593167429
0008835049823366779
0008823323433379256
0008889866975869069
0008863058309838438
0008830435423293411
0008833152420113719
0008885377685013653
0008826279278923151
0008894507128270838
0008853532210440551
0008842718188970380
0008809751645966379
0008813647790726671
0008821761740740904
0008840474082596416
0008852984845760815
0008857561976364610
0008823572699330961
0008862770133493419
0008873292406741561
0008862772199407101
0008884257438356396
0008800036178766191
0008837916905322680
0008824777835829367
0008819594975692621
0008832128170690479
0008866593171897713
0008828171791622543
0008862507171484623
0008829362900634235
0008816013870137023
0008840911307168869
0008879578949167429
0008837760612613340
0008898408973810628
0008806002659172501
0008840631417856001
0008890170361532267
0008806090564729077
0008889868987179719
0008864381054086873
0008848472356787119
0008867640923854598
0008882250211419194
0008843456976194157
0008875086737976021
0008854224818264364
0008811791448665089
0008805310096721116
0008849661403614917
0008823693343791299
0008836724406044956
0008867894959220519
0008829445469173669
0008843131864788549
0008889900162058978
0008824135224632886
0008829771450996481
0008816066997960388
0008859858391887219
0008883958374252769
0008843065067107786
0008803639301296650
0008874952728170034
0008834153659637617
0008820437459731548
0008843709158894204
0008819477129656967
0008831142877397867
0008853744865373587
0008862041347673620
0008888380049754183
0008870473571175115
0008863272036309007
0008873012185347111
0008860643051893203
0008874930859483426
0008856252023363877
0008882988530878588
0008851534460748677
0008805969648315972
0008805072350634522
0008808894963987451
0008847627244962759
0008864868971311640
0008868197323231652
0008817144870288018
0008865753464228924
0008883884923440871
0008877504386041754
0008812343804437841
0008803446883061712
0008863207048712103
0008870294171628091
0008846529756381827
0008834310788597324
0008885394259981884
0008871772310992170
0008863415276762415
0008880234562423866
0008812637020771028
0008895378916459036
0008862600839081731
0008850732866942479
0008835200803542349
0008856827498147770
0008872374184246525
0008822181049647933
0008858357308769157
0008850310997346876
0008848924754079051
0008872946163452198
0008812883769326885
0008845194581570713
0008881191564414195
0008837701455475934
0008868682405651042
0008896694203533898
0008802432254200718
0008837195862893807
0008883246312540606
0008844750958089313
0008834442577801904
0008887614806638622
0008815808007591435
0008850175429905163
0008878719483606510
0008871556976182139
0008860062301765220
0008807396227703329
0008849463692618729
0008898007815287860
0008887484434388895
0008845994184401699
0008802589597674485
0008852047009049464
0008807988887200669
0008856150967069684
0008868518045647513
0008868368829208334
0008878069420310275
0008813332658398794
0008827108533965922
0008855311176852234
0008845454175302620
0008878850789503547
0008848849191585925
0008897628773581803
0008861510571582955
0008880342834508503
0008857806112038507
0008803621907133073
0008818944786220461
0008892419614761209
0008835481309997423
0008811983326894283
0008806655061024188
0008829667002205985
0008856736056378497
0008862984354477924
0008861628331664044
0008895411953101870
0008813707912910502
0008864469121700814
0008823496765014327
0008809669443729965
0008804014994279059
0008811551049944824
0008830874697803044
0008811521571280327
0008825825769025152
0008833191736827786
0008839134487173160
0008847555818738455
0008807138398097523
0008870208180673591
0008864782946065910
0008887229710467511
0008882617820557152
0008835057165278114
0008820602919538755
0008864877136253803
0008873987657559527
0008802278032151040
0008805676505601655
0008854491125141581
0008806119375570790
0008877243816231582
0008831133409067029
0008831965273012221
0008842234253852545
0008807296097397410
0008813207161533881
0008865538184158166
0008873635588307702
0008889168219871369
0008828409325750616
0008880303461372423
0008841737003169359
0008820444635377469
0008873546095650767
0008826731378023464
0008828781615624754
0008823635405287591
0008842844266395736
0008833926224797383
0008836099195113373
0008800276290683359
0008830245918719857
0008815368315377647
0008821777979369686
0008804245296956370
0008838304399510269
0008877112511514834
0008871295315786926
0008861508496038707
0008860341866166986
0008884600616805272
0008815022714147933
0008849454707926454
0008814025036104863
0008821662425331508
0008855310047157294
0008894040541266878
0008857529815624536
0008872885264482565
0008865117785252130
0008850359466819400
0008827262778454959
0008806293925618639
0008854384498304821
0008893208992345415
0008876607446812238
0008865268606290377
0008839322294292840
0008829058003820297
0008870136688467895
0008857548268371148
0008885679740127950
0008864641155114274
0008894940518054076
0008854110929413471
0008896223587610484
0008823164698833888
0008832001771195422
0008846927355449518
0008877582103399093
0008870898838346853
0008871063227992663
0008809065136604369
0008803848438029443
0008834263482878849
0008882028779719860
0008861873943539263
0008836111576942674
0008854744304161782
0008874017774177471
0008831284922706831
0008896098266456957
0008863575037314523
0008854031344933689
0008873873705857107
0008833537540502066
0008825106223131542
0008820017050081590
0008898319110391853
0008832001498029185
0008842454813716903
0008861306960671370
0008848729270640298
0008881032797405420
0008837839498008849
0008828250779573983
0008885902458224920
0008819781524653945
0008872535675187887
0008830596375012297
0008853103899792744
0008842404037103511
0008813449471707868
0008801808755721610
0008897423929917600
0008839369545098971
0008818084187505960
0008816152845012596
0008826110685824270
0008840714345261559
0008829650294745785
0008854336858858762
0008876256829624354
0008892027265699188
0008861749637429161
0008879648054140972
0008855945617344796
0008852339346882362
0008833428212057656
0008860204178456927
0008886576003355600
0008875855697935395
0008879450382465019
0008811983494480535
0008810007662569555
0008816332358484727
0008834709107961212
0008862577875978618
0008816224468506608
0008897011939167462
0008884642750967203
0008899760718841717
0008895227463201319
0008853385137060519
0008824887047131500
0008826956924681008
0008886317369968847
0008876025349203548
0008878932171724350
0008866598374363322
0008818592026872565
0008823743730427831
0008844349162221562
0008870255002956753
0008845004115248431
0008892008471673332
0008868244968350890
0008853160509806173
0008859670100956627
0008888176515662482
0008810299862851319
0008899506977078495
0008852325137813799
0008872469257672217
0008874894288277652
0008820199903326016
0008860207235945329
0008848941449911001
0008849213207896587
0008800173106245491
0008880093362801089
0008862976653126566
0008886001244822615
0008835012335849294
0008838794161679708
0008803658442490212
0008811370974693425
0008874455496510373
0008856740884645309
0008843957445566586
0008861848857958147
0008856930954481699
0008836478313607336
0008837120566256846
0008832089427734744
0008835817502459283
0008875591330668792
0008893763607647894
0008868148139809579
0008800240097836339
0008862515127031141
0008807219446382826
0008815813515369969
0008809853206362962
0008897546754031665
0008841065095730817
0008892671095033918
0008860376461177905
0008814940605952916
0008849099621821180
0008852905048050647
0008873479463893878
0008822437862127936
0008834418578496944
0008885993175979797
0008827291820110178
0008814868235436317
0008870075113084455
0008895229853420764
0008869542006180149
0008887278618487956
0008804477133662164
0008819898647961060
0008800143490066761
0008821946094503301
0008854198906596582
0008866704254908422
0008881728348804645
0008822293667640171
0008833339637887355
0008870365069788864
0008892153805121796
0008867649834666447
0008876281075744409
0008841535146634531
0008886137448646374
0008805924941934458
0008890660117563871
0008854923930932556
0008894332343577473
0008804529347379231
0008812825402627682
0008819918341557616
0008878112002622350
0008899793188657768
0008856691641558154
0008861493310701147
0008849584548643833
0008871235633638441
0008806090552005050
0008847256536361627
0008846733333805767
0008828590368485044
0008814511546678686
0008816600620327373
0008827925611283864
0008865781998845384
0008821927405652383
0008880093723018977
0008870709605979661
0008843929859073433
0008805069610603958
0008897488653676896
0008893302623670109
0008860500733721766
0008856505188910570
0008818799076061797
0008890740489982501
0008889041138945285
0008898472983034975
0008893798398857070
0008804157214914391
0008861796024613824
0008872528777931039
0008887136699213651
0008872264922041371
0008877446818219907
0008862263651749768
0008800237512072425
0008880798067359452
0008804750860142786
0008887444460306096
0008859638213519772
0008819494571321669
0008815113441521027
0008879827025109973
0008831880102891192
0008810898371175209
0008813888601374497
0008877941960347654
0008813455736130929
0008886588843607702
0008817717570470273
0008868944807413086
0008840932269767993
0008847230382209438
0008868907494524077
0008893221937325582
0008852125050330270
0008831185240886934
0008872971063653380
0008832150102968666
0008836197101492970
0008847633240643864
0008854723334188916
0008866687136761699
0008848042671334606
0008882601787002881
0008844129940282205
0008808905971659591
0008861020016368929
0008877806159332249
0008874152062877258
0008852067360981774
0008822416925798990
0008882346369851103
0008809957262706622
0008838983614970653
0008890232939925991
0008871502606058034
0008899344178124748
0008867324733459613
0008858944440798424
0008896020266639291
0008835448907599901
0008818789096241404
0008875068968537417
0008895615291066260
0008840047588284206
0008823572708618323
0008845293943019672
0008861042640118090
0008804930450114037
0008896771262989318
0008840149312512348
0008867498552555741
0008893685284519247
0008899048298302007
0008870604944074110
0008873933217793321
0008836710593167429
0008835049823366779
0008823323433379256
0008889866975869069
0008863058309838438
0008830435423293411
0008833152420113719
0008885377685013653
0008826279278923151
0008894507128270838
0008853532210440551
0008842718188970380
0008809751645966379
0008813647790726671
0008821761740740904
0008840474082596416
0008852984845760815
0008857561976364610
0008823572699330961
0008862770133493419
0008873292406741561
0008862772199407101
0008884257438356396
0008800036178766191
0008837916905322680
0008824777835829367
0008819594975692621
0008832128170690479
0008866593171897713
0008828171791622543
0008862507171484623
0008829362900634235
0008816013870137023
0008840911307168869
0008879578949167429
0008837760612613340
0008898408973810628
0008806002659172501
0008840631417856001
0008890170361532267
0008806090564729077
0008889868987179719
0008864381054086873
0008848472356787119
0008867640923854598
0008882250211419194
0008843456976194157

